err_3: 0.4022817611694336
err_5: 0.42721664905548096
err_10: 0.4375405013561249
ndcg_3: 0.5791651010513306
ndcg_5: 0.6429811716079712
ndcg_10: 0.7051432728767395
