err_3: 0.40416666865348816
err_5: 0.43204987049102783
err_10: 0.44039300084114075
ndcg_3: 0.5805296897888184
ndcg_5: 0.6532562971115112
ndcg_10: 0.7092981338500977
